0.000000000000000000e+00 3.112190326969255693e+05
6.283185307179586787e-02 3.094571130325000267e+05
1.256637061435917357e-01 3.071867760957269929e+05
1.884955592153875759e-01 3.047390390224888688e+05
2.513274122871834715e-01 3.018031318103530211e+05
3.141592653589793116e-01 2.989689172033533687e+05
3.769911184307751517e-01 2.969016061049904092e+05
4.398229715025710473e-01 2.947821750309607014e+05
5.026548245743669430e-01 2.927112698676851578e+05
5.654866776461627831e-01 2.913881905510998913e+05
6.283185307179586232e-01 2.913168032674366841e+05
6.911503837897544633e-01 2.925817386969330837e+05
7.539822368615503034e-01 2.948580257195891463e+05
8.168140899333462546e-01 2.971609397395644919e+05
8.796459430051420947e-01 2.994136777717085788e+05
9.424777960769378238e-01 3.014276886640028097e+05
1.005309649148733886e+00 3.030179563227421604e+05
1.068141502220529837e+00 3.044218339687493281e+05
1.130973355292325566e+00 3.058217793347808183e+05
1.193805208364121295e+00 3.069564337267919327e+05
1.256637061435917246e+00 3.080896213299848605e+05
1.319468914507713198e+00 3.095200698965473566e+05
1.382300767579508927e+00 3.109476798676130129e+05
1.445132620651304656e+00 3.126455443323485088e+05
1.507964473723100607e+00 3.147582528555315221e+05
1.570796326794896558e+00 3.167788150087939575e+05
1.633628179866692509e+00 3.185504810085492209e+05
1.696460032938488238e+00 3.196339600853684824e+05
1.759291886010284189e+00 3.202490781291284366e+05
1.822123739082080141e+00 3.201385260916750995e+05
1.884955592153875648e+00 3.195885079832827905e+05
1.947787445225671599e+00 3.186874314278663951e+05
2.010619298297467772e+00 3.188867334245896782e+05
2.073451151369263723e+00 3.198361061420253245e+05
2.136283004441059674e+00 3.204433791285106563e+05
2.199114857512855181e+00 3.215202530952697271e+05
2.261946710584651132e+00 3.232844354684452992e+05
2.324778563656447083e+00 3.255565002628372749e+05
2.387610416728242591e+00 3.278338150360116269e+05
2.450442269800038542e+00 3.299523110353712109e+05
2.513274122871834493e+00 3.320207306537466939e+05
2.576105975943630000e+00 3.337076628273121896e+05
2.638937829015426395e+00 3.347704832986940164e+05
2.701769682087221902e+00 3.352453266193647869e+05
2.764601535159017853e+00 3.354228417375264107e+05
2.827433388230813804e+00 3.353971626688467222e+05
2.890265241302609311e+00 3.349634802292456734e+05
2.953097094374405707e+00 3.341834368114065146e+05
3.015928947446201214e+00 3.330950135495578870e+05
3.078760800517997165e+00 3.315095172312473296e+05
3.141592653589793116e+00 3.293776083758333698e+05
3.204424506661589067e+00 3.269384069794684183e+05
3.267256359733385018e+00 3.239965140426811995e+05
3.330088212805180969e+00 3.206601157555397949e+05
3.392920065876976476e+00 3.168312997120690998e+05
3.455751918948772428e+00 3.130074313660261687e+05
3.518583772020568379e+00 3.099319005235847435e+05
3.581415625092363886e+00 3.068683385275314795e+05
3.644247478164160281e+00 3.038257896796356654e+05
3.707079331235955788e+00 3.015111644626091584e+05
3.769911184307751295e+00 3.003190710441989941e+05
3.832743037379547690e+00 3.000687657338479767e+05
3.895574890451343197e+00 3.011510186757711926e+05
3.958406743523139593e+00 3.023112602127434802e+05
4.021238596594935544e+00 3.032574368379685911e+05
4.084070449666731051e+00 3.039549385837771697e+05
4.146902302738527446e+00 3.042825780018257210e+05
4.209734155810322953e+00 3.044491903087639948e+05
4.272566008882119348e+00 3.045258604848954128e+05
4.335397861953914855e+00 3.044603589114217320e+05
4.398229715025710362e+00 3.043294844413113315e+05
4.461061568097506758e+00 3.044370037835792173e+05
4.523893421169302265e+00 3.045599026510863914e+05
4.586725274241097772e+00 3.049483341412607115e+05
4.649557127312894167e+00 3.058715296183170867e+05
4.712388980384689674e+00 3.067522887574971537e+05
4.775220833456485181e+00 3.074671569432730321e+05
4.838052686528281576e+00 3.075402115180738620e+05
4.900884539600077083e+00 3.071335915311007993e+05
4.963716392671873479e+00 3.060826096454178332e+05
5.026548245743668986e+00 3.046423494896587217e+05
5.089380098815464493e+00 3.029153467375226319e+05
5.152211951887260000e+00 3.021383286850732402e+05
5.215043804959057283e+00 3.022062887715194374e+05
5.277875658030852790e+00 3.020304174676209223e+05
5.340707511102648297e+00 3.025546194712521392e+05
5.403539364174443804e+00 3.037998325226646266e+05
5.466371217246239311e+00 3.055975590686067007e+05
5.529203070318035707e+00 3.074907941651585279e+05
5.592034923389832102e+00 3.093406644420339144e+05
5.654866776461627609e+00 3.112769650128979119e+05
5.717698629533423116e+00 3.128846370934314909e+05
5.780530482605218623e+00 3.139406966746230028e+05
5.843362335677015018e+00 3.144278806577418582e+05
5.906194188748811413e+00 3.147201308076697751e+05
5.969026041820606920e+00 3.147607705977823935e+05
6.031857894892402427e+00 3.147698815739642596e+05
6.094689747964198823e+00 3.144539224120967556e+05
6.157521601035994330e+00 3.138585262836938491e+05
6.220353454107790725e+00 3.127678401107340469e+05
6.283185307179586232e+00 3.112190326969255693e+05
